public/storage/wind-global.json
{"header": {"discipline":0,"disciplineName":"Meteorological products","gribEdition":2,"gribLength":48249,"center":7,"centerName":"US National Weather Service - NCEP(WMC)","subcenter":0,"refTime":"2019-04-05T06:00:00.000Z","significanceOfRT":1,"significanceOfRTName":"Start of forecast","productStatus":0,"productStatusName":"Operational products","productType":1,"productTypeName":"Forecast products","productDefinitionTemplate":0,"productDefinitionTemplateName":"Analysis/forecast at horizontal level/layer at a point in time","parameterCategory":0,"parameterCategoryName":"Temperature","parameterNumber":0,"parameterNumberName":"Temperature","parameterUnit":"K","genProcessType":2,"genProcessTypeName":"Forecast","forecastTime":0,"surface1Type":1,"surface1TypeName":"Ground or water surface","surface1Value":0.0,"surface2Type":255,"surface2TypeName":"Missing","surface2Value":0.0,"gridDefinitionTemplate":0,"gridDefinitionTemplateName":"Latitude_Longitude","numberPoints":65160,"shape":6,"shapeName":"Earth spherical with radius of 6,371,229.0 m","gridUnits":"degrees","resolution":48,"winds":"true","scanMode":0,"nx":360,"ny":181,"basicAngle":0,"lo1":0.0,"la1":90.0,"lo2":359.0,"la2":-90.0,"dx":1.0,"dy":1.0}, "data":
[rows 104 to 129 of 181, columns 180 to 239 of 360]
302.97552,303.17554,303.57553,303.27554,303.67554,303.87555,303.67554,303.77554,303.27554,303.57553,303.67554,303.67554,303.87555,303.97552,303.97552,303.87555,304.17554,303.97552,303.97552,303.67554,303.87555,303.77554,303.67554,303.77554,303.67554,303.67554,303.67554,303.67554,303.77554,303.67554,303.57553,303.57553,303.47552,303.37555,303.57553,303.37555,303.07553,302.97552,302.97552,302.97552,302.57553,302.77554,302.67554,302.57553,302.57553,302.17554,302.17554,302.07553,302.07553,302.07553,301.87555,301.77554,301.57553,301.27554,301.47552,301.37555,301.07553,300.97552,300.77554,300.87555
302.67554,302.67554,303.07553,303.27554,303.17554,303.47552,303.67554,303.47552,303.27554,303.07553,303.27554,303.57553,303.37555,303.57553,303.77554,303.67554,303.87555,303.87555,303.87555,303.77554,303.57553,303.67554,303.67554,303.57553,303.47552,303.57553,303.57553,303.57553,303.67554,303.67554,303.77554,303.67554,303.87555,303.47552,303.37555,303.27554,302.97552,302.97552,302.77554,302.67554,302.67554,302.87555,302.77554,302.57553,302.67554,302.57553,302.47552,302.47552,302.17554,302.17554,302.17554,302.07553,301.87555,301.57553,301.37555,301.37555,301.07553,301.07553,301.07553,300.77554
302.57553,302.67554,302.27554,302.87555,303.37555,303.17554,303.67554,303.07553,302.87555,302.87555,302.87555,302.87555,303.17554,303.27554,303.47552,303.37555,303.37555,303.57553,303.47552,303.57553,303.47552,303.37555,303.47552,303.27554,303.27554,303.27554,303.27554,303.47552,303.47552,303.67554,303.57553,303.57553,303.57553,303.37555,303.37555,303.17554,302.87555,302.87555,302.77554,302.87555,302.77554,302.67554,302.67554,302.57553,302.87555,302.77554,302.67554,302.67554,302.57553,302.57553,302.37555,302.17554,302.17554,301.97552,301.77554,301.47552,301.27554,301.37555,301.07553,300.87555
301.87555,302.57553,301.97552,302.37555,302.57553,302.47552,302.67554,302.37555,302.37555,302.47552,302.17554,302.37555,302.77554,302.87555,302.97552,303.07553,302.97552,302.97552,303.07553,303.17554,303.17554,303.17554,303.07553,302.97552,302.87555,303.07553,303.07553,303.17554,303.37555,303.27554,303.37555,303.37555,303.07553,302.97552,302.87555,302.67554,302.67554,302.67554,302.57553,302.47552,302.47552,302.37555,302.57553,302.67554,302.47552,302.57553,302.77554,302.57553,302.77554,302.47552,302.47552,302.17554,302.17554,301.97552,301.87555,301.67554,301.57553,301.27554,300.97552,300.57553
301.57553,302.37555,301.97552,302.37555,301.97552,301.77554,302.47552,301.77554,301.97552,301.87555,301.77554,301.87555,302.17554,302.37555,302.47552,302.47552,302.67554,302.77554,302.67554,302.57553,302.67554,302.77554,302.57553,302.67554,302.47552,302.47552,302.57553,302.67554,302.77554,302.67554,303.07553,302.87555,302.77554,302.47552,302.27554,302.27554,302.17554,302.27554,302.17554,302.17554,302.17554,302.17554,302.27554,302.37555,302.47552,302.37555,302.57553,302.67554,302.47552,302.67554,302.47552,302.27554,302.17554,302.27554,301.97552,301.67554,301.57553,301.17554,301.17554,300.87555
302.57553,302.17554,301.97552,302.27554,301.77554,301.57553,301.57553,301.17554,301.17554,301.27554,302.07553,301.27554,301.27554,301.87555,301.97552,301.97552,301.77554,301.97552,302.07553,302.07553,302.47552,302.37555,301.97552,301.97552,301.97552,302.17554,301.97552,301.87555,301.77554,302.07553,302.47552,302.17554,302.07553,302.07553,301.97552,301.97552,301.77554,301.57553,301.47552,301.77554,301.77554,301.97552,301.77554,301.87555,301.97552,302.07553,302.17554,302.17554,302.17554,302.07553,302.17554,301.97552,302.17554,302.07553,301.87555,301.47552,301.47552,301.27554,301.27554,300.87555
301.67554,301.37555,301.67554,301.57553,301.47552,300.67554,300.67554,300.77554,301.17554,300.77554,300.87555,300.77554,300.87555,301.07553,301.57553,301.47552,301.17554,300.97552,301.37555,301.47552,301.27554,301.17554,301.87555,301.37555,301.47552,301.47552,301.27554,301.27554,301.37555,301.27554,301.87555,301.47552,301.37555,301.37555,301.37555,300.97552,301.17554,300.97552,300.97552,301.07553,301.17554,301.27554,301.27554,301.37555,301.37555,301.37555,301.77554,301.77554,301.57553,301.67554,301.87555,301.77554,301.67554,301.67554,301.67554,301.47552,301.17554,301.07553,300.87555,300.97552
300.87555,301.17554,300.67554,300.47552,300.47552,300.47552,300.07553,300.67554,300.77554,300.27554,300.07553,300.17554,300.17554,300.47552,301.17554,301.17554,300.87555,300.47552,301.07553,301.07553,300.97552,300.17554,300.27554,300.47552,300.77554,300.97552,300.77554,300.87555,300.97552,300.87555,301.17554,300.57553,300.37555,300.37555,300.67554,300.77554,300.57553,300.17554,300.37555,300.37555,300.57553,300.67554,300.57553,300.47552,300.67554,300.77554,300.97552,300.97552,301.27554,301.27554,301.37555,301.27554,301.27554,301.17554,301.17554,301.17554,300.97552,300.87555,300.97552,300.77554
300.27554,299.87555,299.67554,299.97552,300.27554,299.57553,299.57553,299.97552,300.07553,299.97552,299.67554,299.77554,299.67554,299.87555,300.37555,300.57553,300.47552,300.27554,300.57553,300.67554,300.17554,299.87555,300.97552,300.17554,300.17554,300.17554,300.07553,300.07553,300.07553,300.07553,300.27554,300.07553,299.57553,299.47552,299.87555,299.87555,299.77554,299.47552,299.87555,299.67554,299.97552,299.77554,299.97552,299.97552,299.97552,300.27554,300.27554,300.27554,300.27554,300.47552,300.37555,300.57553,300.47552,300.77554,300.77554,300.77554,300.87555,300.67554,300.57553,300.37555
299.57553,299.37555,299.37555,299.57553,299.47552,299.07553,299.17554,299.27554,299.77554,299.67554,299.57553,299.67554,299.57553,299.07553,299.47552,299.77554,299.97552,299.57553,299.37555,299.57553,299.57553,299.57553,299.67554,299.57553,299.47552,299.37555,299.37555,299.37555,299.27554,299.47552,299.77554,299.97552,299.57553,298.77554,299.17554,299.47552,299.37555,299.07553,299.17554,299.17554,299.07553,299.07553,299.37555,299.57553,299.77554,299.57553,299.47552,299.57553,299.67554,299.87555,299.87555,299.87555,299.97552,299.97552,300.27554,300.37555,300.47552,300.27554,300.37555,300.37555
298.97552,298.97552,299.27554,299.47552,299.17554,298.97552,298.57553,298.67554,298.87555,298.97552,299.17554,299.57553,299.17554,298.97552,298.97552,298.97552,298.97552,298.47552,298.17554,298.67554,298.87555,298.97552,299.07553,298.97552,298.47552,298.57553,299.27554,299.07553,298.97552,298.97552,299.37555,299.47552,299.37555,298.47552,298.67554,299.07553,298.87555,298.37555,298.27554,298.37555,298.27554,298.37555,298.57553,298.87555,298.87555,298.87555,298.67554,298.87555,299.17554,299.27554,299.37555,299.27554,299.37555,299.57553,299.57553,299.87555,299.97552,299.77554,300.07553,299.97552
298.27554,298.27554,298.67554,298.67554,298.47552,298.17554,298.17554,298.27554,298.37555,297.97552,298.57553,299.07553,298.37555,298.27554,298.67554,298.07553,297.87555,297.77554,297.67554,298.17554,298.77554,298.37555,297.87555,297.77554,297.77554,298.37555,299.27554,298.77554,298.67554,298.67554,298.37555,298.57553,298.37555,298.17554,298.47552,298.27554,297.97552,297.57553,297.37555,297.67554,297.87555,297.77554,297.67554,297.77554,298.07553,298.17554,298.37555,298.47552,298.77554,298.87555,299.07553,298.77554,298.97552,299.17554,299.27554,299.57553,299.37555,299.37555,299.37555,299.67554
298.07553,297.87555,298.17554,297.97552,297.37555,296.97552,296.97552,297.87555,298.47552,298.27554,298.37555,298.07553,297.27554,297.77554,298.77554,298.27554,297.77554,297.67554,297.17554,297.17554,297.97552,297.77554,296.77554,296.87555,297.57553,298.07553,298.07553,297.57553,297.87555,297.77554,297.37555,297.97552,298.17554,297.97552,298.07553,298.07553,297.87555,297.27554,297.07553,297.37555,297.37555,297.17554,296.97552,296.97552,297.37555,297.67554,297.97552,298.27554,298.47552,298.27554,298.17554,298.27554,298.47552,298.77554,298.87555,298.97552,299.07553,298.87555,298.97552,299.17554
297.87555,297.87555,298.57553,298.47552,297.67554,296.47552,296.07553,296.77554,297.87555,298.07553,297.97552,297.67554,296.77554,296.97552,297.97552,297.77554,297.27554,297.37555,296.37555,295.77554,296.87555,297.37555,297.07553,297.27554,297.67554,297.57553,296.87555,296.97552,297.27554,297.07553,297.17554,297.97552,297.77554,297.37555,297.67554,297.77554,297.47552,296.77554,296.97552,296.87555,296.27554,296.27554,296.27554,296.27554,296.67554,296.87555,297.37555,297.47552,297.57553,297.47552,297.27554,297.57553,297.77554,297.77554,297.97552,298.37555,298.37555,298.17554,298.07553,298.47552
297.87555,297.67554,297.77554,297.87555,297.37555,296.87555,296.47552,296.57553,296.87555,297.07553,297.37555,297.47552,296.97552,296.07553,296.37555,296.77554,297.07553,297.37555,296.37555,295.77554,296.17554,296.57553,296.77554,296.97552,296.37555,296.27554,296.37555,296.57553,296.77554,296.87555,297.27554,297.57553,297.17554,297.07553,297.27554,297.47552,296.77554,296.37555,296.57553,296.27554,295.47552,295.67554,295.87555,295.47552,295.67554,296.17554,296.57553,296.77554,296.77554,296.37555,296.67554,297.17554,297.47552,297.07553,297.27554,297.57553,297.67554,297.77554,297.37555,297.37555
296.77554,296.37555,296.47552,295.87555,296.07553,296.87555,297.07553,296.97552,296.47552,296.67554,297.17554,297.37555,296.87555,296.17554,295.97552,296.07553,296.47552,296.67554,296.57553,296.17554,296.07553,295.47552,295.57553,295.87555,295.57553,295.57553,295.67554,295.87555,296.07553,296.57553,296.77554,296.87555,296.87555,296.77554,296.57553,296.97552,296.57553,296.07553,296.17554,295.47552,295.17554,295.27554,295.07553,294.97552,295.67554,295.77554,296.07553,296.07553,296.07553,296.07553,296.47552,296.77554,296.97552,296.97552,296.67554,296.77554,297.27554,297.67554,297.27554,296.57553
295.87555,295.77554,295.87555,295.57553,295.97552,296.37555,296.37555,296.67554,296.67554,296.37555,296.07553,296.17554,296.47552,296.47552,296.27554,296.07553,295.37555,295.17554,295.37555,295.87555,295.67554,295.27554,295.47552,296.07553,295.97552,295.77554,296.07553,296.17554,296.27554,296.37555,296.07553,296.17554,296.57553,296.17554,296.27554,296.87555,296.47552,295.87555,295.27554,294.57553,294.77554,295.17554,294.67554,294.37555,294.97552,295.37555,295.77554,295.77554,295.37555,295.17554,295.47552,295.97552,296.07553,296.57553,296.17554,295.87555,296.77554,297.77554,297.57553,297.07553
295.47552,295.97552,296.07553,295.97552,296.27554,295.97552,295.47552,295.77554,296.27554,295.97552,295.17554,295.37555,295.77554,295.77554,295.87555,295.67554,295.17554,294.57553,294.47552,294.77554,294.97552,294.77554,294.87555,294.97552,295.07553,295.27554,295.77554,296.37555,296.77554,295.97552,295.17554,295.37555,295.97552,295.77554,295.87555,296.27554,295.57553,294.77554,294.17554,294.27554,294.37555,294.57553,294.07553,293.47552,293.57553,294.27554,294.47552,294.87555,295.27554,294.27554,294.47552,294.77554,294.87555,295.67554,295.47552,295.07553,295.67554,296.47552,296.57553,296.77554
295.67554,295.77554,295.37555,295.27554,295.57553,295.57553,295.07553,295.17554,295.47552,295.37555,294.97552,295.07553,295.17554,294.87555,294.77554,295.17554,294.87555,294.57553,294.47552,294.37555,294.07553,293.97552,293.97552,293.87555,294.17554,294.47552,294.37555,294.67554,295.67554,295.27554,294.77554,295.57553,295.67554,294.97552,294.87555,294.87555,294.57553,293.67554,293.27554,293.67554,293.47552,293.07553,293.17554,293.27554,293.37555,293.77554,293.57553,293.67554,294.07553,294.07553,294.27554,294.27554,294.17554,294.37555,294.57553,294.87555,295.07553,295.37555,295.37555,295.17554
295.57553,295.27554,294.77554,294.87555,295.37555,295.47552,294.77554,294.57553,294.67554,294.67554,294.07553,294.57553,295.07553,294.27554,293.77554,293.97552,294.27554,294.27554,294.07553,293.67554,293.97552,294.17554,294.17554,293.87555,294.07553,294.07553,293.77554,293.77554,294.27554,294.27554,294.17554,294.97552,294.77554,293.87555,293.87555,294.57553,294.37555,293.17554,293.07553,293.17554,292.47552,292.27554,292.47552,292.87555,292.87555,292.57553,292.77554,292.97552,292.87555,292.87555,293.57553,294.17554,294.27554,293.97552,293.77554,294.17554,294.57553,294.57553,294.77554,294.67554
294.57553,294.57553,294.47552,294.87555,295.37555,295.27554,294.57553,294.57553,294.67554,294.27554,293.77554,293.97552,294.77554,294.27554,293.27554,293.47552,293.97552,294.17554,293.47552,293.07553,293.47552,293.97552,293.57553,293.17554,293.57553,293.97552,293.57553,293.67554,294.27554,294.27554,293.87555,294.07553,294.37555,293.57553,293.37555,294.07553,293.37555,292.37555,292.47552,292.07553,291.47552,290.77554,290.87555,291.07553,291.37555,292.07553,292.47552,292.67554,292.47552,291.87555,292.47552,293.27554,293.17554,293.07553,293.07553,293.47552,294.07553,293.67554,293.87555,294.17554
293.97552,293.97552,294.07553,294.27554,294.77554,295.07553,294.27554,294.07553,294.37555,294.37555,293.87555,293.67554,293.97552,293.57553,292.77554,292.87555,293.57553,293.67554,292.97552,292.97552,293.07553,293.17554,292.57553,292.17554,292.87555,293.27554,292.67554,292.97552,293.97552,293.77554,292.97552,292.97552,293.17554,293.27554,292.67554,292.57553,291.97552,291.77554,291.87555,291.47552,290.97552,290.57553,290.57553,291.07553,290.97552,291.47552,292.07553,292.07553,291.67554,291.07553,291.37555,291.77554,291.27554,291.87555,292.57553,292.97552,292.77554,292.37555,293.07553,293.87555
294.17554,293.87555,293.37555,293.57553,294.27554,294.37555,293.97552,293.67554,293.67554,293.77554,293.27554,293.07553,292.97552,292.87555,292.67554,292.77554,292.97552,292.37555,292.07553,292.37555,292.77554,292.77554,291.97552,291.77554,292.67554,293.17554,292.37555,292.27554,292.77554,292.87555,292.87555,292.77554,292.57553,292.77554,292.67554,292.17554,291.97552,291.57553,291.07553,290.47552,290.77554,290.87555,290.67554,290.67554,290.47552,290.77554,291.27554,291.07553,290.97552,290.97552,290.97552,290.77554,290.47552,291.07553,291.77554,291.67554,291.97552,291.87555,291.67554,292.47552
294.67554,293.97552,293.37555,293.07553,293.47552,293.77554,293.77554,293.47552,293.27554,292.97552,292.87555,292.57553,292.47552,292.57553,292.47552,292.57553,292.37555,291.77554,291.47552,291.77554,292.07553,291.97552,291.67554,291.57553,291.77554,291.87555,291.47552,291.57553,292.07553,292.27554,292.07553,292.27554,292.47552,292.37555,292.17554,291.77554,291.37555,290.57553,290.17554,289.87555,289.77554,290.07553,290.27554,290.07553,289.77554,290.07553,290.37555,290.27554,290.07553,290.27554,290.57553,290.67554,290.17554,290.37555,290.17554,290.07553,290.87555,290.97552,290.77554,290.87555
294.27554,294.07553,293.47552,292.87555,293.07553,293.27554,293.27554,293.27554,293.17554,292.97552,292.77554,292.57553,292.57553,292.17554,292.07553,291.97552,291.97552,291.87555,291.57553,291.47552,291.57553,291.27554,291.57553,291.47552,290.97552,290.77554,290.87555,291.37555,291.47552,291.17554,290.77554,290.87555,291.07553,291.47552,291.47552,290.97552,290.37555,289.87555,290.07553,290.27554,290.07553,289.77554,289.57553,289.37555,289.47552,289.57553,289.27554,289.17554,289.17554,289.27554,289.27554,289.37555,289.27554,288.87555,288.87555,288.97552,288.97552,289.17554,289.87555,290.27554
293.57553,293.77554,293.17554,292.47552,292.27554,292.37555,292.37555,292.37555,292.47552,292.37555,292.17554,291.97552,292.07553,292.07553,291.97552,291.87555,291.67554,291.47552,291.57553,291.27554,291.07553,291.07553,291.27554,291.27554,290.87555,290.57553,290.57553,290.67554,290.67554,290.67554,290.77554,290.47552,290.37555,290.37555,290.27554,290.27554,290.17554,289.77554,289.37555,289.47552,289.47552,289.07553,288.77554,288.67554,288.97552,288.87555,288.27554,288.17554,288.77554,288.47552,288.07553,288.17554,287.87555,287.67554,287.57553,287.97552,288.27554,288.17554,288.67554,288.97552
