public/storage/wind-global.json
{"header": {"discipline":0,"disciplineName":"Meteorological products","gribEdition":2,"gribLength":74385,"center":7,"centerName":"US National Weather Service - NCEP(WMC)","subcenter":0,"refTime":"2019-04-05T06:00:00.000Z","significanceOfRT":1,"significanceOfRTName":"Start of forecast","productStatus":0,"productStatusName":"Operational products","productType":1,"productTypeName":"Forecast products","productDefinitionTemplate":0,"productDefinitionTemplateName":"Analysis/forecast at horizontal level/layer at a point in time","parameterCategory":2,"parameterCategoryName":"Momentum","parameterNumber":2,"parameterNumberName":"U-component_of_wind","parameterUnit":"m.s-1","genProcessType":2,"genProcessTypeName":"Forecast","forecastTime":0,"surface1Type":103,"surface1TypeName":"Specified height level above ground","surface1Value":10.0,"surface2Type":255,"surface2TypeName":"Missing","surface2Value":0.0,"gridDefinitionTemplate":0,"gridDefinitionTemplateName":"Latitude_Longitude","numberPoints":65160,"shape":6,"shapeName":"Earth spherical with radius of 6,371,229.0 m","gridUnits":"degrees","resolution":48,"winds":"true","scanMode":0,"nx":360,"ny":181,"basicAngle":0,"lo1":0.0,"la1":90.0,"lo2":359.0,"la2":-90.0,"dx":1.0,"dy":1.0}, "data":
[rows 26 to 51 of 181, columns 114 to 170 of 360]
0.69307864,0.63307863,-0.55692136,-0.4869214,-0.5169214,-0.4569214,0.27307862,0.033078615,1.0730786,1.4130787,1.7430786,2.2630787,2.5530787,2.1130786,1.7930787,0.76307863,0.10307861,-0.5669214,-1.1469214,-1.4969214,-1.2669214,-1.0469214,-0.096921384,0.39307863,-0.8169214,-2.2669213,-2.5469215,-1.5069214,-0.4869214,0.6730786,-1.7569214,-0.6069214,-0.74692136,-2.0269213,-1.6769214,-1.1869214,-1.3569214,-0.3669214,2.0830786,0.3230786,-0.08692139,0.5330786,0.4430786,0.42307863,-1.2869214,-1.0169214,-1.2669214,-1.3369213,-0.5769214,-1.7269214,-0.86692137,-1.0069214,-1.2369214,-1.1869214,-1.4269214,-2.1269214,-1.1269214
1.5630786,2.2730787,0.75307864,-0.7169214,-1.4869214,-1.1369214,0.0030786132,0.33307862,1.1130786,1.6630787,2.0930786,3.5330787,2.7030785,2.3730786,1.9730786,2.0830786,2.1530786,1.2630786,-0.32692137,-1.0969214,-0.9169214,-0.8169214,-0.5969214,1.0130786,0.24307862,-1.3569214,-1.3769214,-1.9269214,-2.3269215,-1.8769214,-2.2769213,-2.6569214,-1.2569214,-2.9369214,-3.4869213,-2.3069215,-0.9469214,-1.6469214,-0.5169214,-0.6069214,0.39307863,-0.6569214,0.5830786,-0.47692138,-1.1769214,-1.0269214,-1.5769213,0.75307864,-1.4669213,-1.0669214,-1.7569214,-1.3769214,-1.9169214,-4.0469213,-4.376921,-5.2169213,-3.0369215
3.1830785,3.8830786,3.5830786,2.0230787,0.46307862,-1.2169213,-1.2769214,-0.5469214,0.07307861,0.14307861,0.3830786,0.7730786,1.3630786,1.6930786,1.8530786,1.9930786,1.9030786,1.9730786,1.6130786,0.9230786,0.5530786,-0.3369214,0.23307861,0.8630786,-0.5869214,-0.5169214,-0.07692139,-0.6969214,-0.73692137,-1.6269214,-1.5569214,-2.2969215,-2.1969213,-0.8769214,-1.2969214,-2.5769215,-2.2169213,-1.3369213,-1.4169214,-0.7069214,0.88307863,-0.026921386,0.17307861,0.9730786,-1.3069214,-2.1869214,-3.8369215,-3.9069214,-1.8969214,-0.16692139,-3.7069213,-0.9469214,-1.6969213,-0.6369214,0.8930786,-0.86692137,-1.6669214
2.9330785,3.3630786,3.8930786,4.2830787,3.7130785,2.0930786,-0.15692139,-0.80692136,-1.0569214,-1.0569214,-0.8869214,-0.5269214,0.17307861,0.69307864,1.2630786,1.5030786,1.5330787,1.4430786,1.1530786,0.9630786,0.21307862,0.23307861,0.9730786,0.51307863,-0.3669214,-1.3569214,-0.98692137,-0.2669214,-0.7669214,-0.6469214,-1.4769214,-1.4569213,-1.7769214,-2.4569213,-2.5369215,-2.9269214,-3.9669213,-3.9769213,-3.6369214,-0.92692137,-1.7869214,-1.8369213,-1.2469214,-3.9169214,-8.016921,-5.8469214,-1.9069214,-2.7069213,-5.876921,-4.5369215,-4.9269214,-2.3869214,-0.4369214,-0.6669214,-1.4169214,-0.38692138,-2.1669214
3.3830786,3.7430787,4.4630785,4.2230787,4.4830785,4.103079,2.5230787,1.5730786,1.3230786,-0.44692138,-0.35692137,-1.1569214,-1.5069214,-0.8769214,-0.18692139,0.4130786,0.7030786,0.7130786,1.0930786,0.49307862,-0.3769214,-0.14692138,0.9230786,-1.2169213,-1.4769214,-1.6869214,-1.9369214,-0.5869214,0.033078615,-0.98692137,-1.3669214,-1.0369214,-0.6669214,-2.4569213,-2.9369214,-2.9469213,-5.3869214,-3.8569214,-3.2669213,-2.1969213,-3.5469215,-7.3869214,-7.376921,-7.3469214,-8.306921,-8.176922,-9.346921,-8.096921,-5.4669213,-2.7469213,-2.2669213,-5.0069213,-6.566921,-8.306921,-10.186921,-10.986921,-12.296922
3.3330786,3.8730786,2.4830787,2.4930787,2.4330785,2.6930785,2.7130785,2.0030787,1.6430786,1.3630786,0.4130786,-1.3569214,-1.4169214,-1.7369214,-1.4769214,-1.3369213,-0.8569214,0.043078613,0.6430786,0.46307862,-0.22692138,-0.4269214,0.5430786,-2.2669213,-2.1569214,-3.2769213,-4.0769215,-1.5169214,-1.4969214,-2.5969214,-3.6769214,-3.8569214,-4.066921,-3.2869215,-5.2469215,-7.3269215,-7.896921,-4.646921,-5.376921,-5.3669214,-5.1969213,-5.4969215,-7.3069215,-7.7669215,-8.876922,-8.316921,-4.3269215,-1.7169213,-3.4869213,-8.766921,-11.066921,-12.066921,-12.616921,-13.656921,-14.606921,-14.056921,-13.016921
2.4430785,2.4930787,2.1130786,2.5930786,0.24307862,4.0430784,0.94307864,2.3030787,1.6030786,0.9830786,-0.5869214,-2.3169215,-4.2569213,-2.4269214,-2.7969215,-0.86692137,0.07307861,-1.3169214,-0.5669214,-0.056921385,-0.046921387,-0.07692139,-0.6969214,-1.4669213,-3.7969215,-5.646921,-2.6469214,-1.6469214,-3.9369214,-4.0569215,-5.4469213,-5.2269216,-5.6169214,-6.0769215,-5.7769213,-6.1669216,-8.456922,-9.816921,-8.686921,-7.9369216,-7.1769214,-6.8469214,-6.9469213,-5.566921,-7.1969213,-5.816921,0.8730786,-5.7369213,-6.7069216,-8.736921,-8.836922,-9.506922,-10.766921,-11.866921,-12.056921,-11.686921,-11.766921
0.9930786,1.7230786,0.42307863,1.8730786,-0.86692137,0.45307863,0.24307862,-0.5769214,-1.4469213,-2.5469215,-0.3069214,-2.1469214,-1.2369214,-1.3869214,-1.9869214,-3.1669214,-1.9969214,-0.92692137,-1.2969214,-0.5169214,-0.5669214,-0.20692138,-0.3069214,-0.6669214,-1.7169213,-3.3669214,-5.336921,-4.5069213,-5.3469214,-6.316921,-6.5469213,-6.7469215,-7.1669216,-7.3469214,-7.9369216,-8.066921,-7.8069215,-7.876921,-7.2769213,-8.126922,-7.7369213,-6.086921,-6.6969213,-7.1369214,-7.5069213,-4.7969213,-8.626922,-6.7869215,-5.4169216,-4.7869215,-7.2969213,-8.796922,-9.086922,-8.976921,-8.616921,-7.856921,-6.836921
0.57307863,1.5730786,1.0830786,1.3530786,-1.1469214,-1.5069214,-3.5569215,-1.7669214,-0.7569214,-1.6469214,-3.2169213,-0.68692136,-0.4269214,-1.4369214,-2.1169214,-3.0969214,-1.6269214,-1.2269214,-1.0269214,-2.7569213,0.43307862,-0.67692137,0.7830786,-2.2269213,-4.376921,-4.7069216,-5.7269216,-6.126921,-6.4369216,-6.6769214,-7.0769215,-7.2969213,-7.086921,-7.626921,-8.196921,-8.916922,-9.696921,-8.906921,-7.5469213,-6.9969215,-6.2269216,-6.856921,-6.1969213,-4.5769215,-5.7269216,-5.5169215,-1.1469214,-1.3569214,-3.4969213,-5.126921,-7.6169214,-9.136921,-10.026921,-10.2869215,-10.066921,-9.676922,-9.026921
1.6630787,-0.34692138,0.13307862,0.9130786,0.8030786,-0.016921386,-0.99692136,-1.7469214,-0.7569214,0.7030786,0.2830786,-0.17692138,-0.6369214,-1.6369214,-1.4469213,-0.6969214,-2.7669213,-3.7069213,-2.7669213,-2.4869213,-1.4169214,-1.5169214,-3.0369215,-4.5269213,-3.9669213,-4.6169214,-5.1669216,-6.0969214,-6.5169215,-6.4869213,-6.066921,-6.6769214,-7.146921,-7.9069214,-7.2669215,-8.006922,-7.836921,-7.4669213,-6.8869214,-7.2769213,-8.116921,-4.9269214,-2.6569214,-6.0169215,-8.026921,-3.6469214,-2.3669214,-6.7469215,-5.8069215,-8.196921,-10.456922,-11.096921,-11.046922,-11.776921,-12.2869215,-12.276921,-11.836922
0.6830786,0.81307864,0.7030786,0.39307863,1.2830787,-0.16692139,-0.9669214,-0.93692136,-0.8869214,-0.92692137,-0.4669214,-0.5469214,-0.93692136,-1.2369214,-0.4269214,0.36307862,-1.1369214,0.51307863,-2.3569214,-3.5369215,-3.4169214,-2.8969214,-0.06692138,-0.4069214,-2.3869214,-3.4269214,-2.2369213,-3.5669215,-4.9169216,-4.9269214,-5.336921,-6.376921,-6.2469215,-6.2669215,-7.2269216,-6.316921,-5.6669216,-5.2769213,-4.7369213,-7.7769213,-6.7869215,-4.0469213,-1.6269214,-3.1969213,-2.9669213,-6.8469214,-7.586921,-10.386921,-10.066921,-10.7869215,-12.076921,-13.076921,-13.756922,-14.466922,-14.826921,-14.946921,-14.546922
1.2230786,0.9630786,0.46307862,0.6830786,1.0030786,0.9030786,0.3130786,0.1630786,0.49307862,0.5530786,1.3330786,1.4730786,0.7230786,0.09307861,-1.2469214,-0.5169214,-1.4369214,-3.2269213,-3.1069214,-1.3669214,-1.9569213,-2.4969213,-0.67692137,-0.8569214,-0.006921387,0.9830786,-0.8869214,-1.3269213,-2.6069214,-2.8169215,-3.2069213,-4.626921,-4.7769213,-4.5969214,-5.4169216,-5.3869214,-4.9769216,-4.7969213,-3.2769213,-5.4969215,-6.0569215,-5.566921,-3.7269213,-5.4269214,-4.1569214,-8.566921,-8.486921,-10.006922,-10.666922,-11.206922,-12.496922,-13.956922,-13.606921,-12.226921,-11.176922,-10.646921,-10.246922
2.5830786,1.5130786,0.43307862,2.3730786,2.2830787,1.7430786,0.4130786,0.8730786,0.6630786,0.09307861,0.5830786,0.3530786,0.57307863,0.57307863,-0.5669214,-0.17692138,-1.2969214,-0.6269214,0.09307861,-1.1369214,-0.8369214,-2.3569214,-1.3769214,0.14307861,-1.0069214,-0.17692138,1.3730786,-0.80692136,-0.35692137,-1.7169213,-0.7069214,-1.7069213,-2.6569214,-3.2769213,-4.9869213,-5.6969213,-5.816921,-5.646921,-5.4369216,-4.1569214,-4.7769213,-5.9369216,-4.9269214,-5.2069216,-8.756922,-7.126921,-8.966922,-8.926922,-9.446921,-10.5369215,-9.816921,-8.706922,-8.136921,-6.9369216,-6.086921,-5.1969213,-4.586921
4.4830785,3.8230786,1.8130786,1.0730786,3.2830787,1.9330786,2.5530787,0.9630786,0.9630786,0.7830786,0.23307861,0.18307862,0.8030786,1.4030786,1.1330786,0.8630786,-0.61692137,0.8430786,-2.1569214,0.6030786,-2.3369215,-1.4269214,-1.1369214,1.2730786,-1.0769213,-0.6569214,1.0630786,0.9130786,2.1830785,0.1630786,2.0330787,1.2830787,0.14307861,-0.9669214,-3.1169214,-5.586921,-8.666922,-9.416922,-7.1969213,-4.6969213,-3.9769213,-3.1969213,-1.7569214,-6.1169214,-6.0969214,-5.4269214,-5.4669213,-5.2569213,-5.1169214,-4.4069214,-4.8069215,-5.646921,-6.0769215,-5.316921,-3.1969213,-2.6869214,-2.0369215
4.7930784,3.5630786,3.4230785,3.3430786,2.0530787,2.7830787,3.3830786,3.1430786,2.2630787,1.8330786,1.4930786,0.013078613,1.3330786,1.5830786,1.6530786,1.3030787,1.8630786,2.6830785,-0.7869214,0.033078615,-0.21692139,-1.9969214,-2.2369213,-1.9069214,-0.18692139,-0.11692139,-1.0369214,-1.2569214,2.0930786,2.4930787,0.123078614,2.8130786,2.8230786,3.0130787,2.7930787,1.3530786,0.06307861,-0.3669214,-1.9669213,-5.2869215,-4.816921,-1.8269213,-3.7669213,-2.1669214,-0.73692137,0.5330786,1.6630787,2.7130785,3.8430786,4.873079,4.7630787,4.163079,3.9530785,3.2130785,1.0230786,1.5630786,0.3130786
4.2730784,4.373079,3.8230786,3.2530787,4.9730787,4.0230784,4.103079,4.2530785,3.4130785,1.3230786,1.8830786,1.7730786,2.9930787,0.3430786,0.7730786,1.2130786,3.0530787,2.2530787,0.6030786,-0.4069214,-2.5969214,-3.2569213,-3.6769214,-0.7569214,-1.0369214,-1.1469214,-3.1069214,-1.5469214,1.8830786,0.82307863,-1.4869214,3.1230786,4.2430787,5.0630784,5.9630785,6.2230787,7.4430785,6.8030787,6.2430787,4.853079,2.8730786,0.21307862,2.5330787,4.9830785,5.7430787,6.393079,6.873079,7.6130786,8.603079,9.793078,10.193079,9.993078,8.483079,6.8430786,4.6730785,4.393079,3.3730786
3.9530785,4.7730784,5.5930786,5.4530787,4.8230786,5.3430786,4.373079,4.0430784,2.6030786,1.5130786,-0.35692137,2.3830786,1.7130786,3.0830786,1.2530786,1.6730787,1.3530786,2.1430786,0.7430786,-0.7069214,-1.4969214,-1.3569214,0.69307864,0.5430786,-1.1969213,-1.8269213,-3.2369213,-0.3069214,3.6930785,3.0530787,1.7330786,2.4430785,4.8630786,6.163079,6.5930786,8.833078,9.563079,8.983079,8.523079,7.8630786,7.2230787,6.2830787,4.8430786,5.2430787,6.9030786,8.643079,9.9630785,10.933079,11.433079,11.273079,11.453078,10.433079,9.913078,8.303079,6.7730784,5.623079,5.4530787
2.6530786,3.7830787,3.7230787,5.873079,5.9630785,5.9730787,6.2330785,3.8530786,2.7330787,1.3030787,0.8730786,1.9630786,3.4130785,4.2330785,3.8730786,2.5930786,3.2030785,2.0430787,0.5530786,0.51307863,0.6530786,0.3230786,1.3630786,0.07307861,-1.8669214,-3.6269214,-3.6969213,-3.2869215,1.4630786,-2.8369215,-0.35692137,1.7630786,3.4530785,5.1330786,7.2530785,9.143079,11.183079,11.163078,10.813079,9.453078,9.203078,8.363079,7.8830786,6.5330787,6.2730784,7.643079,9.243078,10.443079,11.003078,11.643079,11.883079,11.743078,10.383079,8.763079,7.413079,6.3330784,5.5930786
1.4830786,2.4130785,3.6230786,4.3430786,5.353079,5.643079,5.183079,4.9930787,2.6330786,2.2330787,1.5230786,4.123079,2.2730787,2.9930787,5.7430787,4.433079,4.4930787,2.1830785,1.1530786,1.4730786,0.76307863,1.4030786,1.3430786,-1.3069214,-4.066921,-6.3469214,-6.8669214,-5.3069215,-0.5369214,1.6630787,1.4330786,1.4130787,2.4930787,4.0030785,6.5930786,7.1930785,6.623079,8.783078,10.693079,11.753078,11.023079,10.423079,10.173079,9.013079,7.7630787,7.683079,8.9630785,10.013079,10.753078,10.653079,10.553079,10.653079,9.883079,9.053079,8.013079,7.1730785,6.3830786
0.24307862,0.6030786,0.5430786,3.4630785,3.8930786,5.5130787,4.6730785,4.103079,3.4830787,3.5830786,3.4430785,4.4230785,5.1130786,4.2030787,3.3630786,4.4930787,3.3030787,3.2330787,3.2330787,2.6030786,2.6130786,2.1330786,-1.4369214,-4.2669215,-4.3469214,-5.856921,-6.9269214,-4.0569215,-3.6269214,-4.7269216,-2.2969215,0.30307862,2.2530787,3.0230787,3.9330785,5.8330784,8.253078,9.743078,10.973079,11.413078,10.993078,12.273079,12.593079,12.273079,10.943079,10.583078,10.663078,10.663078,10.593079,10.303079,10.883079,11.173079,9.7130785,8.573078,8.223079,8.543078,7.9530787
-3.8469214,-3.0569215,-1.6769214,1.4430786,3.3330786,3.1730785,3.4730787,4.1930785,3.7330787,4.433079,5.1330786,4.663079,5.893079,5.4730787,5.3030787,4.2930784,3.8430786,5.603079,4.0930786,4.2830787,4.1130786,-1.1369214,-7.4769216,-4.8469214,-3.5269213,3.9930787,-1.2269214,-5.1369214,-1.1169214,-0.4369214,-1.9469213,-1.7769214,1.1730787,3.5930786,4.7930784,6.7530785,8.053079,8.823078,8.303079,10.653079,12.803079,13.613079,13.813079,13.483079,12.583078,12.893079,12.943079,12.7130785,12.173079,12.093079,11.883079,11.833078,11.243078,9.933079,8.893079,8.883079,8.433079
-6.9469213,-6.5569215,-3.6069214,0.46307862,3.1330786,2.0430787,4.3430786,5.0530787,4.1330786,4.2230787,4.353079,5.5030785,5.8330784,5.7530785,6.2830787,7.0430784,7.5730786,4.893079,2.2230787,4.603079,6.2330785,2.4830787,1.9630786,6.7530785,10.293078,12.093079,9.363079,3.9130785,-2.5169213,-2.2469213,-2.5169213,-3.3869214,-4.086921,-0.8969214,2.2330787,3.4230785,4.933079,8.073078,8.973079,11.143079,12.123078,12.933079,13.703078,14.433079,14.753078,14.653079,14.443079,14.973079,14.263079,13.583078,12.543078,13.603079,13.863079,12.913078,10.933079,10.803079,9.763079
4.9530787,-0.31692138,-6.586921,-2.9069214,-0.11692139,3.6130786,4.2630787,3.1330786,3.7430787,3.9330785,4.4830785,4.0630784,4.4430785,5.2630787,7.913079,7.7930784,9.173079,8.173079,11.423079,12.913078,12.573078,10.013079,9.533078,9.153079,9.193079,8.973079,8.2130785,6.4530787,7.2030787,4.433079,6.1530786,2.7230787,-1.4169214,-1.2169213,0.9030786,2.3030787,4.1130786,6.0530787,7.5730786,9.283078,11.043078,12.373078,12.723079,11.103079,10.953078,13.483079,13.073078,13.623078,12.943079,12.673079,13.353079,15.353079,15.573078,14.993078,13.903079,12.733079,11.633079
11.233079,-4.606921,-2.5769215,0.10307861,0.8630786,-2.6569214,1.4630786,3.1830785,2.3930786,2.7830787,3.5430787,3.6830785,4.2830787,5.4830785,6.2830787,7.2430787,6.2430787,6.9730787,9.483079,10.113079,9.913078,8.033078,9.123078,8.193079,4.393079,8.813079,8.263079,6.123079,8.703078,7.353079,8.593079,7.5630784,5.0530787,2.2930787,0.49307862,1.6630787,6.5430784,8.133079,8.273079,8.703078,9.293078,9.283078,10.113079,11.233079,10.913078,11.733079,13.033078,13.523079,14.7130785,15.423079,15.553079,15.393079,15.323078,15.003078,14.293078,12.823078,11.883079
10.013079,6.8630786,-2.0569215,-4.0969214,-1.0269214,-2.1569214,-2.3869214,-2.4769213,1.2930787,2.9630785,4.2730784,3.6730785,4.623079,6.7230787,6.7830787,4.7330785,7.0630784,6.9630785,5.5730786,5.4530787,6.6730785,7.9630785,7.8230786,7.2830787,6.9230785,8.323078,8.153079,2.1030786,6.9530787,5.853079,7.913079,5.5930786,4.9230785,4.413079,4.0930786,4.873079,8.013079,9.623078,8.943079,10.613079,10.413078,8.903079,10.4630785,11.193079,11.803079,11.623078,12.543078,13.323078,13.693079,13.983079,14.403079,14.443079,14.693079,15.093079,14.623078,13.843079,12.743078
-0.006921387,0.7430786,-2.3469214,-6.066921,-7.0569215,-5.1569214,-4.5469213,-0.20692138,1.4730786,3.2030785,5.413079,6.2830787,5.7830787,5.3630786,6.5630784,8.223079,7.0930786,5.4230785,5.8130784,4.6130786,3.6830785,5.5930786,7.4930787,10.883079,12.273079,13.873078,8.623078,7.0130787,6.4030786,6.8230786,6.5930786,6.373079,4.7330785,4.0430784,4.4530787,5.0330787,6.1530786,7.5730786,10.473079,11.373078,9.973079,12.143079,12.193079,11.7130785,11.073078,11.233079,11.883079,12.163078,12.563079,12.933079,12.843079,13.033078,13.423079,13.593079,13.903079,13.383079,13.373078
