public/storage/wind-global.json
{"header": {"discipline":0,"disciplineName":"Meteorological products","gribEdition":2,"gribLength":74620,"center":7,"centerName":"US National Weather Service - NCEP(WMC)","subcenter":0,"refTime":"2019-04-05T06:00:00.000Z","significanceOfRT":1,"significanceOfRTName":"Start of forecast","productStatus":0,"productStatusName":"Operational products","productType":1,"productTypeName":"Forecast products","productDefinitionTemplate":0,"productDefinitionTemplateName":"Analysis/forecast at horizontal level/layer at a point in time","parameterCategory":2,"parameterCategoryName":"Momentum","parameterNumber":3,"parameterNumberName":"V-component_of_wind","parameterUnit":"m.s-1","genProcessType":2,"genProcessTypeName":"Forecast","forecastTime":0,"surface1Type":103,"surface1TypeName":"Specified height level above ground","surface1Value":10.0,"surface2Type":255,"surface2TypeName":"Missing","surface2Value":0.0,"gridDefinitionTemplate":0,"gridDefinitionTemplateName":"Latitude_Longitude","numberPoints":65160,"shape":6,"shapeName":"Earth spherical with radius of 6,371,229.0 m","gridUnits":"degrees","resolution":48,"winds":"true","scanMode":0,"nx":360,"ny":181,"basicAngle":0,"lo1":0.0,"la1":90.0,"lo2":359.0,"la2":-90.0,"dx":1.0,"dy":1.0}, "data":
[rows 125 to 149 of 181, columns 290 to 347 of 360]
0.27341187,-4.506588,-0.15658814,2.7534118,2.6934118,2.8934119,3.2534118,3.623412,3.833412,3.9834118,4.413412,5.3534117,5.483412,14.023412,14.603412,13.8034115,13.473412,10.993412,7.013412,2.7234118,-4.9565883,-8.076588,-9.4865885,-15.746588,-14.246588,-11.186588,-10.336588,-9.756588,-9.726588,-8.496588,-8.586588,-8.396588,-7.1465883,-6.1865883,-5.296588,-4.596588,-4.3565884,-4.496588,-6.3765883,-4.906588,-3.636588,-3.176588,-3.406588,-3.8465881,-3.696588,-3.7465882,-3.5565882,-3.2565882,-2.9765882,-2.3065882,-1.9365882,-2.436588,-3.0465882,-4.156588,-7.866588,-10.706588,-10.746588,-8.836588
-0.41658813,-2.896588,2.063412,3.1934118,1.4634118,2.9934118,3.1734118,3.373412,3.373412,4.093412,4.453412,4.8534117,5.1034117,12.893412,15.533412,15.333412,13.723412,13.043412,10.223412,3.7234118,-4.1465883,-8.206588,-9.576588,-10.206588,-11.276588,-11.596588,-10.666588,-10.2365885,-10.336588,-9.606588,-9.066588,-8.146588,-6.756588,-5.346588,-4.536588,-4.696588,-4.7265882,-4.996588,-5.026588,-6.086588,-5.046588,-4.266588,-3.926588,-3.946588,-3.706588,-3.406588,-2.9765882,-2.8365881,-2.696588,-1.5465882,-0.9965881,-1.3665881,-2.5365882,-4.176588,-6.826588,-8.746588,-8.016588,-7.246588
-1.3565881,0.0034118653,3.7734118,1.5134119,0.39341187,2.5034118,3.0234118,2.9234118,2.793412,3.6634119,4.2934117,4.0434117,4.673412,4.983412,15.0534115,15.243412,14.083412,14.463412,14.613412,8.823412,-0.65658814,-4.996588,-6.866588,-7.926588,-9.646588,-11.126588,-11.606588,-11.9465885,-11.276588,-10.356588,-9.426588,-7.516588,-6.086588,-5.2065883,-4.496588,-3.7865882,-3.716588,-4.1665883,-4.6465883,-4.7265882,-5.386588,-5.4165883,-4.736588,-4.4165883,-3.926588,-3.3165882,-4.216588,-3.5665882,-3.216588,-2.8165882,-1.9265882,-2.0465882,-3.0165882,-3.916588,-4.656588,-3.936588,-5.886588,-7.836588
-1.0365882,-0.49658814,3.7534118,-1.1465881,-0.22658813,1.2734119,2.1534119,3.063412,2.5034118,3.7434118,3.4434118,3.5134118,4.5434117,13.283412,14.353412,14.683412,13.593411,13.533412,11.603412,13.463412,9.523412,-1.7565881,-5.346588,-6.9365883,-8.296588,-9.776588,-10.046588,-10.6965885,-10.1965885,-9.716588,-8.656589,-7.6465883,-6.546588,-5.616588,-4.616588,-3.866588,-3.406588,-3.0665882,-2.936588,-3.2565882,-3.7465882,-4.1665883,-5.136588,-4.996588,-4.6665883,-3.966588,-2.9765882,-3.676588,-5.2065883,-5.026588,-4.256588,-4.276588,-5.056588,-5.676588,-6.746588,-7.136588,-6.966588,-7.286588
-1.0365882,3.883412,2.7634118,-2.436588,-0.94658816,0.37341186,2.1734118,2.3934119,5.1034117,4.993412,7.713412,9.573412,11.083412,12.203412,13.453412,13.503412,13.143412,14.283412,11.293412,7.963412,12.203412,10.523412,0.9434119,-1.7865882,-2.3065882,-6.016588,-8.9865885,-10.226588,-9.886588,-8.056588,-8.216588,-8.226588,-6.3965883,-5.9365883,-5.246588,-4.6065884,-3.876588,-3.5465882,-3.2265882,-2.3565881,-2.0165882,-2.136588,-2.5465882,-3.176588,-4.1065884,-4.266588,-4.086588,-3.886588,-4.296588,-6.116588,-6.946588,-6.406588,-6.536588,-6.446588,-6.446588,-6.786588,-7.2265882,-7.266588
1.3134118,2.083412,3.103412,-1.2465881,-0.35658813,-0.33658814,0.07341187,1.3534119,5.343412,5.923412,6.743412,7.783412,9.293412,10.903412,11.003412,11.483412,11.983412,14.3034115,13.873412,11.273412,5.113412,7.8334117,6.003412,5.673412,1.5634118,-2.2965882,-5.406588,-8.576588,-9.766588,-9.026588,-7.9765882,-8.396588,-7.506588,-6.406588,-5.716588,-4.196588,-3.2365882,-3.4765882,-3.3265882,-2.7365882,-2.0865881,-1.4365882,-0.97658813,-0.9265881,-1.2865882,-2.4765882,-3.6065881,-4.056588,-4.326588,-4.966588,-5.136588,-7.236588,-8.266588,-8.586588,-8.676588,-8.096588,-7.866588,-7.596588
-0.59658813,-0.22658813,2.063412,1.7834119,1.8934119,1.8734119,-2.196588,-0.30658814,2.883412,3.9834118,5.073412,5.943412,7.1034117,6.883412,7.6234117,10.183412,12.463412,13.453412,13.293412,12.973412,7.013412,1.4834119,3.8934119,1.2234119,-1.0065881,-1.1165881,-6.046588,-7.1265883,-8.266588,-8.886588,-8.4465885,-7.806588,-6.986588,-6.256588,-5.796588,-4.526588,-3.896588,-3.456588,-3.3465881,-2.956588,-2.186588,-1.6965882,-1.2265881,-0.6865881,-0.43658814,-0.46658814,-1.2765881,-2.636588,-3.636588,-4.4765882,-4.946588,-5.176588,-6.2065883,-7.786588,-9.056588,-9.4465885,-9.2365885,-8.546588
-0.15658814,1.2934119,1.4434118,-0.056588136,5.253412,7.243412,-1.9065881,-2.2765882,0.26341188,1.7234119,2.9934118,4.1034117,4.803412,4.6434116,5.883412,9.543412,11.113412,11.913412,12.793412,13.073412,12.843411,8.593411,0.8834119,1.6334119,1.9534118,-3.2265882,-5.656588,-9.256588,-8.886588,-7.816588,-8.076588,-7.6265883,-5.826588,-5.036588,-5.1065884,-5.366588,-4.6065884,-3.646588,-3.5365882,-2.866588,-2.2765882,-1.6165881,-0.90658814,-0.6865881,-0.006588135,0.47341186,-0.58658814,-1.9265882,-3.156588,-4.616588,-4.906588,-5.036588,-6.1265883,-7.036588,-7.946588,-9.406589,-10.386588,-10.4865885
-1.5265881,-3.5465882,-1.2865882,3.1634119,4.463412,2.283412,-2.456588,-3.6065881,-0.69658816,-0.15658814,0.55341184,1.7734119,2.6734118,5.203412,8.323412,9.543412,9.953412,9.863412,10.2634115,10.883411,11.193412,11.153412,9.253412,1.8034118,0.7034119,1.3034118,-6.366588,-8.176588,-9.416588,-8.456588,-6.256588,-6.156588,-5.9365883,-5.586588,-6.196588,-6.1465883,-5.656588,-4.846588,-4.566588,-4.096588,-3.396588,-2.386588,-0.77658814,0.78341186,2.1734118,2.283412,2.2334118,2.1734118,0.22341186,-3.9865882,-5.446588,-6.006588,-6.1465883,-6.6665883,-7.766588,-9.116589,-10.706588,-11.266588
-0.65658814,0.92341185,0.60341185,1.0534118,1.6834118,3.7334118,2.063412,-3.5765882,-3.146588,-2.116588,-0.6265881,0.61341184,2.343412,7.263412,9.493412,9.603412,9.793412,9.243412,8.253412,7.693412,8.0534115,8.483412,9.0534115,8.483412,2.1734118,-1.4365882,0.33341187,-7.716588,-9.996588,-9.746588,-8.836588,-7.306588,-6.8565884,-6.516588,-6.266588,-5.526588,-5.516588,-5.546588,-5.3965883,-5.156588,-4.736588,-3.8165882,-2.7665882,-1.1865882,0.37341186,2.043412,2.373412,2.613412,1.6534119,-1.5165881,-3.8365881,-5.066588,-6.1065884,-7.046588,-7.826588,-9.036588,-10.146588,-11.386588
-5.036588,0.29341185,1.0034119,0.7534119,1.2334119,2.603412,2.303412,-2.196588,-4.4765882,-2.2965882,-1.5365882,-0.89658815,1.0034119,6.6434116,9.103412,9.483412,9.523412,8.833412,7.903412,6.6434116,5.3934116,5.253412,6.003412,7.0234118,6.763412,2.353412,-4.506588,-1.6265881,-7.9365883,-9.546588,-9.796588,-9.366589,-8.846588,-8.226588,-7.426588,-6.4165883,-5.446588,-4.816588,-5.116588,-4.736588,-4.556588,-4.446588,-4.056588,-3.0565882,-1.1665882,1.3834119,2.6434119,3.833412,3.3934119,2.093412,0.49341187,-1.1765882,-3.5865881,-5.1065884,-6.7065883,-8.4865885,-10.106588,-10.956588
-3.2665882,0.033411864,-1.9365882,1.3034118,1.6834118,1.9834119,2.4334118,0.65341187,-3.2665882,-2.866588,-1.8965881,-0.9965881,0.5034119,5.723412,8.043412,8.433412,8.623412,8.163412,7.553412,6.713412,5.5634117,3.9834118,3.103412,3.9634118,4.863412,5.1434116,2.383412,-5.326588,-4.266588,-7.8565884,-9.406589,-9.506588,-9.456588,-8.886588,-8.456588,-7.556588,-6.7065883,-6.1465883,-5.886588,-5.576588,-4.836588,-4.216588,-3.696588,-3.126588,-2.366588,-0.94658816,1.1734118,2.873412,2.5234118,1.9934119,1.0434119,0.67341185,-0.046588134,-1.2765881,-3.676588,-6.796588,-9.526588,-11.566588
-2.116588,-0.90658814,-3.5565882,-0.41658813,1.5334119,-0.30658814,-1.7065881,-1.3765881,-1.4965881,-1.2165881,-0.5565881,-0.19658813,0.06341186,2.9534118,6.323412,7.323412,7.443412,7.253412,6.863412,6.3934116,6.0834117,5.453412,4.133412,2.2734118,2.4034119,2.9834118,3.4034119,1.2834119,-4.276588,-8.426588,-7.906588,-9.926588,-9.586588,-8.926588,-8.406589,-7.486588,-6.786588,-6.556588,-6.386588,-6.096588,-5.426588,-4.8565884,-4.196588,-3.7365882,-2.876588,-1.8665881,-0.8565881,0.67341185,1.9934119,2.1734118,2.9034119,3.373412,2.083412,0.033411864,-1.3365881,-3.2465882,-6.1665883,-10.066588
-1.3265882,-1.0865881,-1.6765882,-2.0165882,-2.5265882,-1.2465881,-0.07658813,-0.29658812,-0.16658813,0.19341187,0.72341186,1.2934119,2.5234118,3.623412,4.943412,6.153412,5.973412,5.6234117,5.593412,5.693412,5.6234117,5.213412,4.943412,4.073412,1.8334118,1.0234119,1.5734118,2.1634119,0.40341187,0.59341186,-3.6065881,-7.266588,-7.8765883,-8.1965885,-7.9765882,-7.796588,-7.306588,-6.796588,-6.4365883,-5.906588,-5.446588,-4.736588,-4.1465883,-3.7265882,-3.156588,-2.416588,-1.9865881,-1.2665881,-0.12658814,0.44341186,1.1834118,2.6834118,2.4534118,2.1534119,2.093412,0.22341186,-3.416588,-7.326588
-4.046588,-2.146588,-3.9865882,-3.7865882,-2.0965881,-0.88658816,-0.56658816,0.0034118653,0.74341184,1.1434119,1.9834119,3.133412,3.873412,4.713412,4.5234118,4.1434116,3.6634119,3.623412,4.423412,4.343412,3.6934118,4.213412,5.133412,5.1034117,3.813412,1.0034119,-0.6765881,-0.8765881,-2.926588,-2.686588,-1.7465881,-0.57658815,-0.35658813,-2.716588,-5.386588,-6.886588,-7.996588,-7.996588,-7.306588,-6.6265883,-6.096588,-5.536588,-4.886588,-4.346588,-3.7465882,-2.916588,-2.2565882,-1.8365881,-1.1265881,-0.75658816,-0.26658812,1.0634118,2.363412,2.4334118,2.4734118,2.5134118,0.7534119,-3.716588
-4.806588,-3.9865882,-3.5265882,-3.666588,-1.7265881,2.2434118,1.1834118,0.47341186,1.9134119,2.7734118,3.1634119,3.383412,3.533412,3.9834118,4.723412,5.1234117,4.883412,4.653412,3.033412,1.4934119,0.6234119,-0.34658813,0.93341184,1.8334118,1.7034118,0.033411864,-3.5565882,-4.516588,-4.176588,-4.016588,-3.956588,-3.3265882,-2.676588,-2.906588,-4.036588,-4.776588,-4.996588,-6.196588,-6.496588,-6.366588,-5.966588,-5.6465883,-5.1665883,-4.816588,-4.3765883,-3.5465882,-2.916588,-2.5165882,-1.9565881,-1.6265881,-1.3465881,-1.3165882,-0.40658814,1.0034119,2.303412,3.4934118,3.033412,0.43341187
-4.136588,-2.0965881,2.2634118,3.9434118,0.44341186,-0.8565881,0.42341188,1.7134118,2.9834118,3.353412,3.123412,2.6634119,3.2134118,4.323412,6.0834117,6.383412,5.803412,5.423412,4.763412,3.313412,2.113412,0.53341186,-0.7365881,-0.69658816,-0.7365881,-1.2365881,-3.8465881,-5.9565883,-6.406588,-5.9765882,-4.556588,-3.216588,-3.166588,-3.9765882,-5.296588,-6.486588,-6.526588,-5.966588,-5.2265882,-4.656588,-4.1065884,-3.3065882,-2.1065881,-1.5065881,-1.8465881,-2.186588,-1.8465881,-1.5965881,-1.7165881,-1.7265881,-1.8165882,-1.7865882,-1.5965881,-0.97658813,0.28341186,1.4134119,2.7134118,3.7134118
-4.4765882,-3.7565882,-4.136588,-3.116588,-2.8165882,-1.5665882,0.24341187,2.313412,2.803412,2.9634118,2.333412,2.053412,5.803412,7.3334117,7.223412,7.213412,6.943412,6.383412,5.3734117,3.623412,1.8934119,0.09341186,-1.3665881,-1.9065881,-1.9065881,-1.6465881,-3.8365881,-6.766588,-6.826588,-6.636588,-5.546588,-4.2265882,-4.1665883,-4.846588,-4.9365883,-5.486588,-5.906588,-5.796588,-5.086588,-3.9765882,-3.176588,-2.0765882,-1.2865882,-0.52658814,0.21341187,0.65341187,0.47341186,-0.20658813,-1.0965881,-1.4565881,-1.5465882,-2.0465882,-2.5365882,-3.0665882,-3.366588,-2.5465882,-1.7165881,-1.1865882
-2.9865882,-2.216588,-4.6265883,-4.926588,-3.0465882,-0.46658814,1.3234118,1.8734119,2.823412,3.833412,5.3334117,7.093412,7.5834117,7.863412,8.353412,7.753412,7.133412,6.3334117,4.5234118,2.3934119,1.0634118,-0.50658816,-2.196588,-3.5365882,-4.366588,-4.6465883,-5.516588,-8.106588,-8.386588,-7.566588,-6.136588,-5.4765882,-6.516588,-6.066588,-5.8565884,-5.796588,-5.886588,-5.4165883,-4.826588,-3.956588,-3.366588,-2.8265882,-2.2265882,-1.0265881,0.123411864,0.9434119,2.103412,2.7734118,2.793412,1.9234118,0.41341186,-0.6765881,-1.5565882,-2.3165882,-3.366588,-4.6865883,-4.906588,-4.406588
-2.0165882,-1.0365882,-1.7665881,-2.8265882,-2.0665882,-0.34658813,1.8134118,3.1734118,3.813412,4.653412,6.173412,7.8734117,8.903412,9.7634115,10.103412,9.343411,8.683412,7.8334117,5.963412,5.453412,4.5234118,0.6334119,-2.9765882,-4.3965883,-5.8765883,-6.386588,-8.336588,-9.136588,-8.386588,-7.716588,-7.3565884,-7.556588,-7.286588,-4.7265882,-5.996588,-6.496588,-6.176588,-5.846588,-5.536588,-4.776588,-3.926588,-3.5165882,-3.2265882,-2.2665882,-1.4265882,-0.38658813,0.6934119,1.3134118,1.7134118,2.553412,2.813412,2.4334118,0.8834119,-1.1165881,-1.9665881,-2.9965882,-4.9565883,-5.766588
-5.846588,-1.1665882,-2.0465882,-2.7965882,-0.36658815,2.0234118,3.6834118,4.3334117,4.5434117,6.093412,8.043412,9.483412,10.713412,10.953412,10.213412,9.323412,8.603412,7.843412,8.173412,8.913412,9.503412,1.3734119,-3.666588,-3.636588,-5.6865883,-7.546588,-7.866588,-7.696588,-7.636588,-7.546588,-7.6265883,-8.026588,-7.716588,-8.2365885,-3.0765882,-2.706588,-5.4365883,-6.326588,-5.946588,-4.986588,-3.5965881,-2.8065882,-2.2865882,-1.9365882,-1.5665882,-0.45658815,0.6934119,1.6234119,2.623412,3.043412,3.0134118,2.873412,2.113412,1.2334119,0.06341186,-1.7565881,-3.956588,-5.486588
-5.516588,-2.946588,-0.44658813,1.3334118,2.573412,2.803412,2.9934118,3.4634118,4.363412,5.483412,7.223412,10.433412,10.893412,10.393412,9.473412,7.713412,6.3934116,5.963412,6.723412,8.2634115,6.1034117,-3.646588,-3.0965881,-3.366588,-4.056588,-4.846588,-5.8565884,-6.766588,-7.016588,-7.196588,-7.486588,-7.326588,-7.036588,-6.776588,-5.986588,-5.586588,-4.846588,-4.536588,-3.876588,-3.0365882,-2.7965882,-2.8165882,-2.4765882,-1.7165881,-0.9965881,-0.14658813,1.2934119,2.593412,3.103412,2.9834118,3.6734118,3.4934118,2.873412,2.2034118,1.6634119,0.34341186,-1.6965882,-3.7365882
-5.366588,-3.626588,-1.8065882,0.21341187,1.7234119,2.7734118,3.813412,4.973412,6.153412,8.183412,9.243412,9.953412,9.933412,8.983412,7.343412,4.743412,1.9934119,1.3634119,2.343412,4.213412,3.1834118,-4.296588,-3.216588,-4.036588,-4.086588,-4.1665883,-4.386588,-5.1865883,-6.1265883,-6.696588,-6.886588,-7.006588,-6.906588,-6.346588,-6.4165883,-5.9165883,-5.3565884,-4.556588,-3.7365882,-2.646588,-1.7665881,-1.4365882,-1.1465881,-0.75658816,-0.31658813,0.67341185,2.063412,2.7034118,3.063412,3.103412,3.363412,3.633412,3.123412,2.133412,1.0634118,-0.056588136,-1.2465881,-2.126588
-4.256588,-2.8165882,-2.2965882,-1.3265882,0.48341188,1.6734118,2.6834118,3.373412,4.233412,6.033412,7.423412,8.503412,9.633411,9.233412,6.843412,3.4134119,0.85341185,-0.016588135,0.35341185,1.4334118,1.8934119,-1.6865882,-6.3765883,-5.6465883,-4.986588,-4.576588,-4.4365883,-4.7065883,-5.1265883,-5.346588,-5.446588,-5.496588,-5.6265883,-5.406588,-5.8565884,-6.1665883,-5.846588,-4.716588,-3.7765882,-3.3565881,-2.636588,-1.1065881,0.123411864,0.92341185,1.6634119,2.3934119,2.623412,3.0234118,3.4434118,4.223412,4.8734117,4.783412,3.7034118,1.8234118,0.043411866,-1.5365882,-3.0165882,-3.7865882
-2.376588,-1.4365882,-1.4765881,-1.5865881,-1.0965881,-0.29658812,1.0634118,2.6434119,4.943412,6.573412,7.823412,9.313412,9.133411,7.993412,5.433412,3.2134118,1.5934119,0.85341185,0.023411864,-0.036588136,0.41341186,-0.84658813,-1.5365882,-2.396588,-3.7565882,-4.9165883,-4.9365883,-4.6665883,-4.516588,-4.6065884,-4.676588,-4.7065883,-4.8765883,-5.196588,-4.6465883,-5.336588,-4.196588,-3.0465882,-2.196588,-1.2365881,0.033411864,1.2334119,2.083412,2.5134118,2.6834118,2.9834118,3.033412,3.033412,3.4534118,4.553412,5.933412,6.263412,5.6434116,4.783412,2.7134118,-0.33658814,-3.0965881,-5.016588
